# nu Q2^2 amp err
0.000 0.000 0.0000e+00 0.0000e+00
0.042 0.042 -2.0440e-05 2.1963e-05
0.084 0.168 -3.6033e-05 3.7174e-05
0.126 0.377 -6.5964e-06 2.5766e-05
0.168 0.669 -1.1333e-05 2.3381e-05
0.209 1.041 1.4469e-05 1.3157e-05
0.250 1.494 4.1024e-05 1.3592e-05
0.292 2.023 8.9271e-06 1.1425e-05
0.332 2.629 8.9548e-06 9.1086e-06
0.373 3.307 1.0001e-05 7.5743e-06
0.413 4.055 9.2824e-06 6.5665e-06
0.000 0.168 0.0000e+00 0.0000e+00
0.042 0.210 1.3859e-05 1.0235e-05
0.084 0.336 2.0207e-05 1.8436e-05
0.126 0.545 5.0064e-06 1.4758e-05
0.168 0.836 3.2241e-06 1.0909e-05
0.209 1.209 1.0117e-05 9.2707e-06
0.250 1.661 1.0030e-05 8.4330e-06
0.292 2.191 9.8010e-06 6.5267e-06
0.332 2.797 8.3100e-06 6.4829e-06
0.373 3.475 8.9347e-06 5.2703e-06
0.413 4.222 5.8177e-06 5.5438e-06
0.000 0.669 0.0000e+00 0.0000e+00
0.042 0.711 -6.8422e-06 5.8994e-06
0.084 0.836 -6.8542e-06 1.0353e-05
0.126 1.046 4.1528e-06 7.8713e-06
0.168 1.337 1.2290e-05 9.6826e-06
0.209 1.710 7.1014e-06 6.3684e-06
0.250 2.162 1.2175e-05 5.9171e-06
0.292 2.692 6.9123e-06 4.7273e-06
0.332 3.297 1.5034e-06 4.2007e-06
0.373 3.975 3.6970e-06 4.0024e-06
0.000 1.494 0.0000e+00 0.0000e+00
0.042 1.536 -1.5907e-05 7.0307e-06
0.084 1.661 -8.9509e-06 6.5295e-06
0.126 1.871 -1.0072e-05 7.0189e-06
0.168 2.162 -7.5417e-06 6.1244e-06
0.209 2.535 -6.5489e-06 5.1732e-06
0.250 2.987 -6.0133e-06 4.9535e-06
0.292 3.517 -1.2780e-07 4.2369e-06
0.332 4.122 -1.0299e-06 4.4438e-06
0.000 0.336 0.0000e+00 0.0000e+00
0.042 0.378 -1.7986e-06 5.7503e-06
0.084 0.504 -3.6394e-06 1.5521e-05
0.126 0.713 -4.0257e-06 1.2788e-05
0.168 1.004 1.3290e-05 8.5299e-06
0.209 1.377 2.6552e-05 8.7056e-06
0.250 1.829 6.4659e-06 6.4771e-06
0.292 2.359 5.6084e-06 4.9654e-06
0.332 2.964 5.1849e-06 4.6888e-06
0.373 3.642 8.1606e-06 4.0042e-06
0.413 4.390 4.8382e-06 4.6629e-06
0.000 0.836 0.0000e+00 0.0000e+00
0.042 0.878 -6.1616e-06 2.7138e-06
0.084 1.004 -1.0280e-05 5.7925e-06
0.126 1.213 -2.3303e-06 5.5663e-06
0.168 1.505 3.9154e-06 5.4883e-06
0.209 1.878 -1.7577e-06 5.0449e-06
0.250 2.330 1.1168e-06 4.3964e-06
0.292 2.860 5.2767e-07 4.2231e-06
0.332 3.465 2.2787e-06 3.3051e-06
0.373 4.143 2.0063e-06 3.8028e-06
0.000 1.661 0.0000e+00 0.0000e+00
0.042 1.703 -2.3388e-06 1.8029e-06
0.084 1.829 -6.6607e-06 4.4943e-06
0.126 2.038 -3.3185e-06 5.4364e-06
0.168 2.330 -3.8663e-06 3.5337e-06
0.209 2.703 -2.0244e-06 3.8400e-06
0.250 3.155 -2.5189e-06 3.3262e-06
0.292 3.685 -2.1187e-06 3.2364e-06
0.332 4.290 -2.6111e-06 3.6767e-06
0.000 1.337 0.0000e+00 0.0000e+00
0.042 1.379 8.5913e-06 3.4832e-06
0.084 1.505 5.9740e-06 5.8961e-06
0.126 1.714 3.5869e-06 4.8786e-06
0.168 2.006 7.3284e-07 6.8232e-06
0.209 2.378 3.0526e-07 4.2197e-06
0.250 2.831 7.7733e-07 4.7575e-06
0.292 3.361 1.1863e-06 3.5517e-06
0.332 3.966 1.2779e-06 3.5498e-06
0.000 2.162 0.0000e+00 0.0000e+00
0.042 2.204 1.1594e-06 1.3825e-06
0.084 2.330 1.7881e-06 2.7365e-06
0.126 2.539 7.3547e-07 2.7563e-06
0.168 2.831 -8.4237e-07 3.5680e-06
0.209 3.203 8.8686e-07 2.7910e-06
0.250 3.656 5.7523e-07 2.8362e-06
0.292 4.186 1.6665e-07 3.4436e-06
0.000 2.987 0.0000e+00 0.0000e+00
0.042 3.029 -2.0137e-06 1.4635e-06
0.084 3.155 2.7654e-07 3.0015e-06
0.126 3.364 3.8324e-06 2.8389e-06
0.168 3.656 9.4202e-07 3.1074e-06
0.209 4.028 -4.1386e-07 3.1590e-06
0.250 4.481 -2.1244e-06 3.9742e-06
0.000 0.504 0.0000e+00 0.0000e+00
0.042 0.546 -1.4602e-05 8.0233e-06
0.084 0.671 -2.5827e-05 1.7572e-05
0.126 0.881 -2.7291e-06 8.1549e-06
0.168 1.172 6.6885e-06 7.2795e-06
0.209 1.545 1.1040e-05 6.7103e-06
0.250 1.997 9.8169e-06 8.6547e-06
0.292 2.527 3.9918e-06 5.0157e-06
0.332 3.132 3.3050e-06 4.2739e-06
0.373 3.810 4.5302e-06 4.0867e-06
0.000 1.004 0.0000e+00 0.0000e+00
0.042 1.046 -3.8815e-06 2.7136e-06
0.084 1.172 -3.6331e-06 4.7145e-06
0.126 1.381 3.7421e-06 6.3202e-06
0.168 1.673 -3.3190e-06 5.2863e-06
0.209 2.046 -2.4359e-06 5.8903e-06
0.250 2.498 -3.3113e-06 4.0872e-06
0.292 3.028 -3.0350e-06 3.9207e-06
0.332 3.633 -5.8256e-07 3.3902e-06
0.373 4.311 1.6781e-07 4.0129e-06
0.000 1.829 0.0000e+00 0.0000e+00
0.042 1.871 -2.5714e-06 1.8953e-06
0.084 1.997 -2.2575e-06 5.7768e-06
0.126 2.206 -3.4423e-06 3.4198e-06
0.168 2.498 -3.5943e-06 3.3306e-06
0.209 2.871 -4.4741e-06 3.5184e-06
0.250 3.323 -3.1940e-06 2.8917e-06
0.292 3.853 -1.6966e-06 3.3159e-06
0.332 4.458 -1.1405e-06 4.0899e-06
0.000 1.505 0.0000e+00 0.0000e+00
0.042 1.547 2.9134e-07 1.8517e-06
0.084 1.673 -1.6507e-06 4.5234e-06
0.126 1.882 -5.6349e-06 3.9979e-06
0.168 2.174 -3.6330e-06 4.8078e-06
0.209 2.546 -5.5787e-06 3.2316e-06
0.250 2.999 -5.9439e-06 3.9771e-06
0.292 3.528 -9.9811e-07 2.8919e-06
0.332 4.134 2.6381e-07 3.3628e-06
0.000 2.330 0.0000e+00 0.0000e+00
0.042 2.372 -2.0873e-06 9.3533e-07
0.084 2.498 -3.7588e-06 1.7945e-06
0.126 2.707 -3.8167e-06 2.6783e-06
0.168 2.999 -4.6904e-06 3.3547e-06
0.209 3.371 -1.8405e-06 2.3795e-06
0.250 3.824 1.4135e-07 2.5457e-06
0.292 4.353 5.5984e-07 3.4945e-06
0.000 3.155 0.0000e+00 0.0000e+00
0.042 3.197 1.1612e-07 1.1017e-06
0.084 3.323 -5.6305e-07 1.8676e-06
0.126 3.532 -1.2759e-06 2.1492e-06
0.168 3.824 -2.7263e-06 2.5192e-06
0.209 4.196 -2.8247e-06 2.9334e-06
0.000 2.006 0.0000e+00 0.0000e+00
0.042 2.048 1.1408e-06 2.2045e-06
0.084 2.174 -1.4349e-06 4.2074e-06
0.126 2.383 -5.0902e-06 3.8482e-06
0.168 2.674 -1.2310e-06 3.6615e-06
0.209 3.047 -9.9267e-07 4.1472e-06
0.250 3.499 1.8340e-07 3.1976e-06
0.292 4.029 -4.6940e-08 3.6626e-06
0.000 2.831 0.0000e+00 0.0000e+00
0.042 2.873 -1.2094e-06 1.4589e-06
0.084 2.999 -4.4059e-06 3.5829e-06
0.126 3.208 -3.0287e-06 2.7345e-06
0.168 3.499 -3.5732e-06 2.4560e-06
0.209 3.872 -1.9671e-06 2.6769e-06
0.250 4.324 -2.9042e-07 3.2230e-06
0.000 3.656 0.0000e+00 0.0000e+00
0.042 3.698 -7.2930e-07 9.0173e-07
0.084 3.824 -2.2375e-06 1.7154e-06
0.126 4.033 -3.2860e-06 2.2628e-06
0.168 4.324 -2.5985e-06 2.9151e-06
0.000 4.481 0.0000e+00 0.0000e+00
