# nu Q2^2 amp err
0.000 0.000 0.0000e+00 0.0000e+00
0.283 0.094 2.3983e-05 4.3201e-06
0.564 0.377 8.0403e-05 8.2826e-06
0.845 0.845 9.8144e-05 7.1280e-06
1.123 1.494 8.5638e-05 5.4894e-06
1.399 2.317 7.8681e-05 3.1077e-06
1.671 3.307 7.3838e-05 2.4168e-06
1.940 4.454 6.8664e-05 2.1854e-06
0.000 0.377 0.0000e+00 0.0000e+00
0.283 0.471 1.2894e-05 1.6007e-06
0.564 0.754 3.9353e-05 3.4077e-06
0.845 1.222 5.0159e-05 3.0152e-06
1.123 1.871 5.8186e-05 2.4145e-06
1.399 2.694 5.9920e-05 1.9744e-06
1.671 3.684 6.0851e-05 1.7588e-06
0.000 1.494 0.0000e+00 0.0000e+00
0.283 1.588 3.4611e-06 7.3802e-07
0.564 1.871 1.3204e-05 1.3645e-06
0.845 2.338 2.1851e-05 1.3793e-06
1.123 2.987 3.0697e-05 1.6511e-06
1.399 3.810 3.7261e-05 1.3780e-06
0.000 0.754 0.0000e+00 0.0000e+00
0.283 0.849 9.0309e-06 1.2049e-06
0.564 1.131 2.3715e-05 2.6236e-06
0.845 1.599 3.5418e-05 2.4316e-06
1.123 2.248 4.4815e-05 1.4974e-06
1.399 3.071 4.9815e-05 1.7349e-06
1.671 4.061 5.2629e-05 1.5571e-06
0.000 1.871 0.0000e+00 0.0000e+00
0.283 1.965 2.7131e-06 4.0461e-07
0.564 2.248 9.9848e-06 9.6767e-07
0.845 2.715 1.9413e-05 1.1481e-06
1.123 3.364 2.7072e-05 1.2321e-06
1.399 4.187 3.4131e-05 1.3092e-06
0.000 2.987 0.0000e+00 0.0000e+00
0.283 3.082 2.3339e-06 4.2361e-07
0.564 3.364 6.8683e-06 8.6112e-07
0.845 3.832 1.3492e-05 9.9301e-07
1.123 4.481 2.0426e-05 1.1914e-06
0.000 1.131 0.0000e+00 0.0000e+00
0.283 1.226 5.5681e-06 1.0270e-06
0.564 1.508 1.6762e-05 2.7116e-06
0.845 1.976 3.0228e-05 1.7799e-06
1.123 2.625 3.8260e-05 1.5552e-06
1.399 3.448 4.3048e-05 1.5015e-06
1.671 4.438 4.7134e-05 1.6550e-06
0.000 2.248 0.0000e+00 0.0000e+00
0.283 2.342 2.5095e-06 3.1303e-07
0.564 2.625 9.0300e-06 7.0288e-07
0.845 3.092 1.6270e-05 1.1698e-06
1.123 3.741 2.4528e-05 1.0244e-06
0.000 3.364 0.0000e+00 0.0000e+00
0.283 3.459 1.7427e-06 3.0595e-07
0.564 3.741 6.5769e-06 6.4780e-07
0.845 4.209 1.2494e-05 8.7721e-07
0.000 4.481 0.0000e+00 0.0000e+00
