# nu Q2^2 amp err
0.000 0.000 0.0000e+00 0.0000e+00
0.094 0.094 1.1785e-05 3.9785e-06
0.189 0.377 3.5343e-05 6.8147e-06
0.283 0.845 3.6269e-05 4.3471e-06
0.376 1.494 2.4471e-05 3.6256e-06
0.468 2.317 2.0480e-05 2.4101e-06
0.559 3.307 1.7973e-05 1.8502e-06
0.649 4.454 1.3897e-05 1.5562e-06
0.000 0.377 0.0000e+00 0.0000e+00
0.094 0.471 6.2353e-06 1.4270e-06
0.189 0.754 1.8874e-05 3.1258e-06
0.283 1.222 2.1521e-05 2.6495e-06
0.376 1.871 2.0579e-05 1.8385e-06
0.468 2.694 1.6520e-05 1.5826e-06
0.559 3.684 1.5372e-05 1.3299e-06
0.000 1.494 0.0000e+00 0.0000e+00
0.094 1.588 1.6607e-06 7.0801e-07
0.189 1.871 7.1467e-06 1.4117e-06
0.283 2.338 9.1910e-06 1.5822e-06
0.376 2.987 1.0030e-05 1.4219e-06
0.468 3.810 9.7305e-06 1.0678e-06
0.000 0.754 0.0000e+00 0.0000e+00
0.094 0.849 5.4271e-06 9.1092e-07
0.189 1.131 1.2299e-05 2.4064e-06
0.283 1.599 1.3021e-05 2.0268e-06
0.376 2.248 1.3595e-05 1.3810e-06
0.468 3.071 1.2667e-05 1.3731e-06
0.559 4.061 1.1783e-05 1.1023e-06
0.000 1.871 0.0000e+00 0.0000e+00
0.094 1.965 1.4685e-06 3.3054e-07
0.189 2.248 3.5194e-06 8.9172e-07
0.283 2.715 6.8597e-06 8.2277e-07
0.376 3.364 8.7830e-06 8.7347e-07
0.468 4.187 8.7382e-06 8.6165e-07
0.000 2.987 0.0000e+00 0.0000e+00
0.094 3.082 6.1572e-07 2.8179e-07
0.189 3.364 1.9120e-06 7.0365e-07
0.283 3.832 3.1022e-06 6.9375e-07
0.376 4.481 4.0417e-06 8.4771e-07
0.000 1.131 0.0000e+00 0.0000e+00
0.094 1.226 2.2931e-06 8.7424e-07
0.189 1.508 4.4018e-06 2.5074e-06
0.283 1.976 9.7003e-06 1.1927e-06
0.376 2.625 1.0517e-05 1.1319e-06
0.468 3.448 1.0376e-05 1.0979e-06
0.559 4.438 9.8369e-06 1.1057e-06
0.000 2.248 0.0000e+00 0.0000e+00
0.094 2.342 8.0828e-07 2.8676e-07
0.189 2.625 2.6144e-06 5.6393e-07
0.283 3.092 4.3480e-06 7.9142e-07
0.376 3.741 6.2822e-06 6.9883e-07
0.000 3.364 0.0000e+00 0.0000e+00
0.094 3.459 4.0697e-07 2.1148e-07
0.189 3.741 1.3872e-06 4.2671e-07
0.283 4.209 2.4041e-06 6.0534e-07
0.000 4.481 0.0000e+00 0.0000e+00
