# nu Q2^2 amp err
0.000 0.000 0.0000e+00 0.0000e+00
0.042 0.042 2.2308e-05 9.8556e-06
0.084 0.168 4.0392e-05 2.0188e-05
0.126 0.377 1.6334e-05 1.6805e-05
0.168 0.669 2.9506e-05 1.5944e-05
0.209 1.041 2.9572e-05 1.1271e-05
0.250 1.494 3.0866e-05 8.4177e-06
0.292 2.023 1.6877e-05 7.2851e-06
0.332 2.629 1.6044e-05 4.9205e-06
0.373 3.307 1.2710e-05 4.3023e-06
0.413 4.055 6.8832e-06 4.0063e-06
0.000 0.168 0.0000e+00 0.0000e+00
0.042 0.210 9.8871e-06 4.9231e-06
0.084 0.336 1.5985e-05 1.1508e-05
0.126 0.545 2.0057e-05 1.0747e-05
0.168 0.836 2.1581e-05 7.9735e-06
0.209 1.209 1.7914e-05 6.5763e-06
0.250 1.661 1.8944e-05 5.2641e-06
0.292 2.191 1.3441e-05 4.6369e-06
0.332 2.797 1.0984e-05 3.6946e-06
0.373 3.475 8.1264e-06 3.0227e-06
0.413 4.222 7.0964e-06 2.8236e-06
0.000 0.669 0.0000e+00 0.0000e+00
0.042 0.711 2.5025e-06 2.7562e-06
0.084 0.836 8.1929e-06 6.8786e-06
0.126 1.046 6.7023e-06 5.9143e-06
0.168 1.337 4.0151e-06 5.5130e-06
0.209 1.710 8.9123e-06 4.4045e-06
0.250 2.162 6.1067e-06 3.9916e-06
0.292 2.692 7.6896e-06 3.1136e-06
0.332 3.297 6.5707e-06 2.6907e-06
0.373 3.975 7.1127e-06 2.6228e-06
0.000 1.494 0.0000e+00 0.0000e+00
0.042 1.536 -6.3536e-06 4.7655e-06
0.084 1.661 8.5749e-07 4.1230e-06
0.126 1.871 2.1200e-06 3.9606e-06
0.168 2.162 1.5837e-06 3.8602e-06
0.209 2.535 1.1456e-06 3.0146e-06
0.250 2.987 3.6944e-06 3.2904e-06
0.292 3.517 3.9689e-06 2.8660e-06
0.332 4.122 4.7733e-06 2.8749e-06
0.000 0.336 0.0000e+00 0.0000e+00
0.042 0.378 5.2958e-06 2.6631e-06
0.084 0.504 1.6384e-05 8.2138e-06
0.126 0.713 8.2854e-06 7.6035e-06
0.168 1.004 8.5016e-06 5.4026e-06
0.209 1.377 1.1751e-05 4.8159e-06
0.250 1.829 1.4964e-05 3.7154e-06
0.292 2.359 9.9303e-06 2.5808e-06
0.332 2.964 1.1182e-05 2.8672e-06
0.373 3.642 1.0198e-05 2.5274e-06
0.413 4.390 9.4240e-06 2.5638e-06
0.000 0.836 0.0000e+00 0.0000e+00
0.042 0.878 3.0531e-06 1.5497e-06
0.084 1.004 5.6017e-06 4.1390e-06
0.126 1.213 6.3756e-06 3.6690e-06
0.168 1.505 7.4147e-06 3.5546e-06
0.209 1.878 9.9099e-06 2.7535e-06
0.250 2.330 7.2804e-06 2.2344e-06
0.292 2.860 8.4518e-06 2.4738e-06
0.332 3.465 7.0720e-06 2.1011e-06
0.373 4.143 7.2549e-06 2.3095e-06
0.000 1.661 0.0000e+00 0.0000e+00
0.042 1.703 5.9500e-07 9.5888e-07
0.084 1.829 1.4415e-06 2.5163e-06
0.126 2.038 -7.6789e-07 4.1016e-06
0.168 2.330 -4.8717e-07 2.0083e-06
0.209 2.703 3.7934e-06 2.2435e-06
0.250 3.155 4.9228e-06 2.3553e-06
0.292 3.685 6.4525e-06 2.2690e-06
0.332 4.290 6.2545e-06 2.2610e-06
0.000 1.337 0.0000e+00 0.0000e+00
0.042 1.379 4.9003e-06 1.7292e-06
0.084 1.505 5.8467e-06 3.2119e-06
0.126 1.714 7.6649e-06 3.4418e-06
0.168 2.006 2.0016e-06 5.5755e-06
0.209 2.378 3.6068e-06 2.4069e-06
0.250 2.831 6.5793e-06 2.7598e-06
0.292 3.361 4.6193e-06 2.1815e-06
0.332 3.966 5.8837e-06 2.1990e-06
0.000 2.162 0.0000e+00 0.0000e+00
0.042 2.204 2.7787e-08 6.2090e-07
0.084 2.330 7.7259e-08 1.5813e-06
0.126 2.539 1.7695e-06 1.6412e-06
0.168 2.831 3.5557e-06 2.2047e-06
0.209 3.203 2.0421e-06 1.9146e-06
0.250 3.656 3.3861e-06 1.9280e-06
0.292 4.186 3.0997e-06 1.9956e-06
0.000 2.987 0.0000e+00 0.0000e+00
0.042 3.029 -4.9521e-08 6.4641e-07
0.084 3.155 -2.9568e-07 1.9499e-06
0.126 3.364 1.8853e-06 1.7111e-06
0.168 3.656 2.6443e-06 2.0053e-06
0.209 4.028 2.3039e-06 1.8370e-06
0.250 4.481 2.5747e-06 2.2192e-06
0.000 0.504 0.0000e+00 0.0000e+00
0.042 0.546 4.8521e-06 3.3896e-06
0.084 0.671 8.1750e-06 1.0280e-05
0.126 0.881 1.2760e-05 5.0208e-06
0.168 1.172 7.0731e-06 5.0723e-06
0.209 1.545 8.3250e-06 3.9807e-06
0.250 1.997 6.9251e-06 5.4176e-06
0.292 2.527 7.7925e-06 2.7921e-06
0.332 3.132 7.2690e-06 2.8483e-06
0.373 3.810 8.8400e-06 2.7372e-06
0.000 1.004 0.0000e+00 0.0000e+00
0.042 1.046 1.0284e-06 1.2186e-06
0.084 1.172 1.7391e-06 2.5378e-06
0.126 1.381 3.6443e-06 3.5867e-06
0.168 1.673 8.9690e-06 3.2889e-06
0.209 2.046 8.0092e-06 4.0735e-06
0.250 2.498 7.3623e-06 2.1388e-06
0.292 3.028 7.8495e-06 2.3374e-06
0.332 3.633 7.7669e-06 2.1529e-06
0.373 4.311 7.6867e-06 2.2719e-06
0.000 1.829 0.0000e+00 0.0000e+00
0.042 1.871 -1.2849e-06 1.3335e-06
0.084 1.997 -3.6677e-06 4.6039e-06
0.126 2.206 -1.6132e-06 1.9071e-06
0.168 2.498 2.4400e-06 1.6628e-06
0.209 2.871 7.6947e-06 1.9252e-06
0.250 3.323 6.0709e-06 1.8269e-06
0.292 3.853 5.3215e-06 1.9729e-06
0.332 4.458 5.0465e-06 2.3258e-06
0.000 1.505 0.0000e+00 0.0000e+00
0.042 1.547 2.0198e-06 1.2948e-06
0.084 1.673 5.2890e-06 3.6954e-06
0.126 1.882 4.1136e-06 2.4155e-06
0.168 2.174 3.5481e-06 2.1869e-06
0.209 2.546 4.6150e-06 1.6757e-06
0.250 2.999 6.3992e-06 2.6279e-06
0.292 3.528 5.9307e-06 1.9038e-06
0.332 4.134 5.7311e-06 2.0019e-06
0.000 2.330 0.0000e+00 0.0000e+00
0.042 2.372 1.1609e-07 5.0000e-07
0.084 2.498 1.5704e-06 9.1109e-07
0.126 2.707 2.6405e-06 1.4751e-06
0.168 2.999 2.5045e-06 2.1495e-06
0.209 3.371 1.8869e-06 1.4145e-06
0.250 3.824 1.9049e-06 1.6639e-06
0.292 4.353 2.6620e-06 1.8965e-06
0.000 3.155 0.0000e+00 0.0000e+00
0.042 3.197 -5.5906e-07 5.4628e-07
0.084 3.323 6.3307e-08 1.1595e-06
0.126 3.532 1.2946e-06 1.4873e-06
0.168 3.824 1.9396e-06 1.4775e-06
0.209 4.196 2.1836e-06 1.6616e-06
0.000 2.006 0.0000e+00 0.0000e+00
0.042 2.048 -2.4557e-07 1.2903e-06
0.084 2.174 4.9129e-07 3.1297e-06
0.126 2.383 1.0940e-06 2.2157e-06
0.168 2.674 4.8119e-06 2.1321e-06
0.209 3.047 5.5429e-06 2.3059e-06
0.250 3.499 4.8927e-06 2.2158e-06
0.292 4.029 4.0628e-06 2.3234e-06
0.000 2.831 0.0000e+00 0.0000e+00
0.042 2.873 1.1495e-06 8.7172e-07
0.084 2.999 2.1448e-06 2.5919e-06
0.126 3.208 2.4339e-06 1.5365e-06
0.168 3.499 3.0191e-06 1.3336e-06
0.209 3.872 2.9260e-06 1.6298e-06
0.250 4.324 2.8090e-06 1.8551e-06
0.000 3.656 0.0000e+00 0.0000e+00
0.042 3.698 5.1993e-07 5.4982e-07
0.084 3.824 4.3497e-07 1.0349e-06
0.126 4.033 1.1859e-07 1.3621e-06
0.168 4.324 1.7486e-07 1.6850e-06
0.000 4.481 0.0000e+00 0.0000e+00
