# nu Q2^2 amp err
0.000 0.000 0.0000e+00 0.0000e+00
0.126 0.042 9.5164e-06 1.3648e-05
0.252 0.168 4.0107e-05 2.0298e-05
0.377 0.377 7.2467e-05 1.9534e-05
0.502 0.669 8.2626e-05 1.8252e-05
0.627 1.041 8.0764e-05 1.1276e-05
0.750 1.494 7.7350e-05 1.0103e-05
0.873 2.023 5.4832e-05 8.2625e-06
0.996 2.629 5.4655e-05 5.9372e-06
1.117 3.307 5.2653e-05 5.3081e-06
1.236 4.055 4.8921e-05 4.1684e-06
0.000 0.168 0.0000e+00 0.0000e+00
0.126 0.210 1.5556e-05 6.5219e-06
0.252 0.336 2.9075e-05 1.0349e-05
0.377 0.545 2.7002e-05 8.9963e-06
0.502 0.836 3.7671e-05 7.4909e-06
0.627 1.209 4.7479e-05 6.8070e-06
0.750 1.661 5.6434e-05 5.1449e-06
0.873 2.191 5.2274e-05 4.4640e-06
0.996 2.797 5.0200e-05 3.9710e-06
1.117 3.475 4.8522e-05 3.6127e-06
1.236 4.222 4.6112e-05 3.5720e-06
0.000 0.669 0.0000e+00 0.0000e+00
0.126 0.711 -3.9534e-06 3.8080e-06
0.252 0.836 2.3660e-06 6.2320e-06
0.377 1.046 1.4518e-05 4.4666e-06
0.502 1.337 2.2525e-05 6.3536e-06
0.627 1.710 3.5988e-05 4.4860e-06
0.750 2.162 4.2614e-05 4.0395e-06
0.873 2.692 4.0405e-05 3.3038e-06
0.996 3.297 3.3929e-05 2.8633e-06
1.117 3.975 3.7270e-05 2.7423e-06
0.000 1.494 0.0000e+00 0.0000e+00
0.126 1.536 -7.9931e-06 4.3452e-06
0.252 1.661 3.1737e-06 3.4904e-06
0.377 1.871 5.9237e-06 4.3438e-06
0.502 2.162 9.2593e-06 4.2515e-06
0.627 2.535 1.5689e-05 3.7149e-06
0.750 2.987 2.0712e-05 3.4102e-06
0.873 3.517 2.4769e-05 2.6900e-06
0.996 4.122 2.6738e-05 2.6541e-06
0.000 0.336 0.0000e+00 0.0000e+00
0.126 0.378 3.1543e-06 3.8359e-06
0.252 0.504 6.5366e-06 9.6352e-06
0.377 0.713 1.8970e-05 7.9084e-06
0.502 1.004 3.5350e-05 5.7045e-06
0.627 1.377 4.8569e-05 6.2255e-06
0.750 1.829 4.9986e-05 5.1957e-06
0.873 2.359 4.6840e-05 3.7720e-06
0.996 2.964 4.4337e-05 3.5621e-06
1.117 3.642 4.4979e-05 2.7960e-06
1.236 4.390 4.2959e-05 3.0374e-06
0.000 0.836 0.0000e+00 0.0000e+00
0.126 0.878 -1.0712e-06 1.7139e-06
0.252 1.004 4.4135e-07 3.6141e-06
0.377 1.213 8.8904e-06 3.6399e-06
0.502 1.505 1.9557e-05 3.4714e-06
0.627 1.878 2.6809e-05 3.6420e-06
0.750 2.330 3.1809e-05 2.8293e-06
0.873 2.860 3.3849e-05 3.1902e-06
0.996 3.465 3.4516e-05 2.2986e-06
1.117 4.143 3.5304e-05 2.5648e-06
0.000 1.661 0.0000e+00 0.0000e+00
0.126 1.703 3.0986e-07 1.1208e-06
0.252 1.829 3.4743e-06 2.7464e-06
0.377 2.038 5.7452e-06 3.6594e-06
0.502 2.330 1.2476e-05 2.1941e-06
0.627 2.703 1.6812e-05 2.4634e-06
0.750 3.155 1.8117e-05 2.3906e-06
0.873 3.685 2.2399e-05 2.0934e-06
0.996 4.290 2.4452e-05 2.2817e-06
0.000 1.337 0.0000e+00 0.0000e+00
0.126 1.379 5.6888e-06 2.2191e-06
0.252 1.505 7.4790e-06 3.6060e-06
0.377 1.714 1.3809e-05 3.6747e-06
0.502 2.006 1.3699e-05 4.6406e-06
0.627 2.378 2.1922e-05 2.7422e-06
0.750 2.831 2.4728e-05 3.1187e-06
0.873 3.361 2.5534e-05 2.5453e-06
0.996 3.966 2.8527e-05 2.3476e-06
0.000 2.162 0.0000e+00 0.0000e+00
0.126 2.204 1.2489e-06 9.6836e-07
0.252 2.330 4.8025e-06 1.7127e-06
0.377 2.539 7.6771e-06 1.9939e-06
0.502 2.831 1.1393e-05 2.4652e-06
0.627 3.203 1.4074e-05 1.9864e-06
0.750 3.656 1.8358e-05 1.8623e-06
0.873 4.186 2.0854e-05 2.1646e-06
0.000 2.987 0.0000e+00 0.0000e+00
0.126 3.029 -1.1924e-06 9.2446e-07
0.252 3.155 1.0418e-06 1.9521e-06
0.377 3.364 6.5628e-06 1.9531e-06
0.502 3.656 9.6264e-06 1.9470e-06
0.627 4.028 1.2742e-05 2.0820e-06
0.750 4.481 1.4895e-05 2.5204e-06
0.000 0.504 0.0000e+00 0.0000e+00
0.126 0.546 -2.1185e-06 4.6106e-06
0.252 0.671 2.6503e-06 9.6695e-06
0.377 0.881 1.8089e-05 5.7660e-06
0.502 1.172 2.4960e-05 4.7776e-06
0.627 1.545 3.4963e-05 3.8676e-06
0.750 1.997 3.9761e-05 5.6849e-06
0.873 2.527 4.1981e-05 3.6585e-06
0.996 3.132 4.1221e-05 3.1162e-06
1.117 3.810 4.1362e-05 2.6858e-06
0.000 1.004 0.0000e+00 0.0000e+00
0.126 1.046 -8.1143e-07 1.6825e-06
0.252 1.172 1.6408e-06 2.9353e-06
0.377 1.381 1.0927e-05 3.8642e-06
0.502 1.673 1.8492e-05 3.5904e-06
0.627 2.046 2.2666e-05 3.8258e-06
0.750 2.498 2.7025e-05 2.8759e-06
0.873 3.028 2.8719e-05 2.9850e-06
0.996 3.633 3.1119e-05 2.2861e-06
1.117 4.311 3.3190e-05 2.6094e-06
0.000 1.829 0.0000e+00 0.0000e+00
0.126 1.871 -1.1247e-07 1.4564e-06
0.252 1.997 -2.0971e-07 3.9407e-06
0.377 2.206 5.0625e-06 2.2463e-06
0.502 2.498 1.1029e-05 2.4187e-06
0.627 2.871 1.5326e-05 2.4817e-06
0.750 3.323 1.7600e-05 2.0441e-06
0.873 3.853 2.1400e-05 2.0454e-06
0.996 4.458 2.4244e-05 2.5460e-06
0.000 1.505 0.0000e+00 0.0000e+00
0.126 1.547 1.8801e-06 1.2903e-06
0.252 1.673 6.9503e-06 3.0000e-06
0.377 1.882 8.6047e-06 2.8736e-06
0.502 2.174 1.2422e-05 3.0509e-06
0.627 2.546 1.7247e-05 2.2646e-06
0.750 2.999 2.0017e-05 2.8426e-06
0.873 3.528 2.4953e-05 2.1295e-06
0.996 4.134 2.8180e-05 2.2605e-06
0.000 2.330 0.0000e+00 0.0000e+00
0.126 2.372 2.9472e-07 7.3348e-07
0.252 2.498 1.8263e-06 1.4318e-06
0.377 2.707 5.4837e-06 1.9020e-06
0.502 2.999 7.9106e-06 2.2527e-06
0.627 3.371 1.3088e-05 1.6862e-06
0.750 3.824 1.7592e-05 1.6696e-06
0.873 4.353 2.0144e-05 2.2244e-06
0.000 3.155 0.0000e+00 0.0000e+00
0.126 3.197 4.6507e-07 7.5215e-07
0.252 3.323 1.0440e-06 1.4128e-06
0.377 3.532 3.7215e-06 1.5113e-06
0.502 3.824 6.7786e-06 1.7030e-06
0.627 4.196 1.0363e-05 1.8846e-06
0.000 2.006 0.0000e+00 0.0000e+00
0.126 2.048 1.6561e-06 1.5914e-06
0.252 2.174 4.9772e-06 3.0825e-06
0.377 2.383 6.1304e-06 2.6533e-06
0.502 2.674 1.1832e-05 2.6025e-06
0.627 3.047 1.4489e-05 2.8124e-06
0.750 3.499 1.8874e-05 2.1699e-06
0.873 4.029 2.2080e-05 2.3758e-06
0.000 2.831 0.0000e+00 0.0000e+00
0.126 2.873 -5.4280e-08 1.0635e-06
0.252 2.999 -1.9491e-07 2.2106e-06
0.377 3.208 3.0975e-06 1.8751e-06
0.502 3.499 6.4450e-06 1.6337e-06
0.627 3.872 1.1416e-05 1.7966e-06
0.750 4.324 1.5673e-05 2.1595e-06
0.000 3.656 0.0000e+00 0.0000e+00
0.126 3.698 2.6371e-07 6.5464e-07
0.252 3.824 3.9435e-07 1.1101e-06
0.377 4.033 2.8147e-06 1.3866e-06
0.502 4.324 6.5984e-06 1.7458e-06
0.000 4.481 0.0000e+00 0.0000e+00
