# nu Q2^2 amp err
0.000 0.000 0.0000e+00 0.0000e+00
0.126 0.042 2.9815e-05 5.3759e-06
0.252 0.168 7.4442e-05 1.0865e-05
0.377 0.377 7.7391e-05 1.1470e-05
0.502 0.669 9.0108e-05 1.0876e-05
0.627 1.041 8.3540e-05 8.7427e-06
0.750 1.494 7.8889e-05 7.4623e-06
0.873 2.023 6.4323e-05 5.9936e-06
0.996 2.629 5.7146e-05 4.1929e-06
1.117 3.307 5.0604e-05 3.4533e-06
1.236 4.055 4.3767e-05 3.0956e-06
0.000 0.168 0.0000e+00 0.0000e+00
0.126 0.210 1.2986e-05 3.2597e-06
0.252 0.336 3.1737e-05 7.2032e-06
0.377 0.545 4.4925e-05 6.8410e-06
0.502 0.836 5.6461e-05 5.9514e-06
0.627 1.209 6.2449e-05 5.2256e-06
0.750 1.661 6.6316e-05 4.6840e-06
0.873 2.191 5.5905e-05 3.9800e-06
0.996 2.797 5.1227e-05 3.2353e-06
1.117 3.475 4.6858e-05 2.6107e-06
1.236 4.222 4.3146e-05 2.2633e-06
0.000 0.669 0.0000e+00 0.0000e+00
0.126 0.711 1.2390e-06 1.7340e-06
0.252 0.836 6.1908e-06 4.2142e-06
0.377 1.046 1.8574e-05 3.8903e-06
0.502 1.337 2.5129e-05 3.8679e-06
0.627 1.710 3.7331e-05 3.2896e-06
0.750 2.162 3.5655e-05 3.1029e-06
0.873 2.692 3.8117e-05 2.4978e-06
0.996 3.297 3.6954e-05 2.0857e-06
1.117 3.975 3.7765e-05 1.9213e-06
0.000 1.494 0.0000e+00 0.0000e+00
0.126 1.536 -2.5914e-06 3.3739e-06
0.252 1.661 3.4483e-06 2.2926e-06
0.377 1.871 7.5049e-06 2.3788e-06
0.502 2.162 1.0257e-05 2.6294e-06
0.627 2.535 1.6640e-05 2.2788e-06
0.750 2.987 2.1218e-05 2.5011e-06
0.873 3.517 2.4447e-05 1.9556e-06
0.996 4.122 2.6683e-05 1.7875e-06
0.000 0.336 0.0000e+00 0.0000e+00
0.126 0.378 6.9945e-06 1.7687e-06
0.252 0.504 2.0217e-05 5.1838e-06
0.377 0.713 3.0981e-05 5.5421e-06
0.502 1.004 4.0375e-05 4.3958e-06
0.627 1.377 4.6376e-05 4.0669e-06
0.750 1.829 5.3142e-05 3.5017e-06
0.873 2.359 4.7300e-05 2.7751e-06
0.996 2.964 4.5818e-05 2.4978e-06
1.117 3.642 4.3525e-05 2.0168e-06
1.236 4.390 4.0839e-05 1.9106e-06
0.000 0.836 0.0000e+00 0.0000e+00
0.126 0.878 3.6877e-06 1.0991e-06
0.252 1.004 1.0717e-05 2.5863e-06
0.377 1.213 1.6279e-05 2.6621e-06
0.502 1.505 2.5589e-05 2.5338e-06
0.627 1.878 3.2428e-05 2.3434e-06
0.750 2.330 3.2605e-05 2.2083e-06
0.873 2.860 3.5239e-05 2.0818e-06
0.996 3.465 3.5509e-05 1.6395e-06
1.117 4.143 3.5911e-05 1.6306e-06
0.000 1.661 0.0000e+00 0.0000e+00
0.126 1.703 8.3942e-07 6.3825e-07
0.252 1.829 3.4809e-06 1.6193e-06
0.377 2.038 4.9696e-06 2.8360e-06
0.502 2.330 9.6690e-06 1.6981e-06
0.627 2.703 1.6905e-05 1.6665e-06
0.750 3.155 2.0749e-05 1.5523e-06
0.873 3.685 2.4890e-05 1.5935e-06
0.996 4.290 2.6496e-05 1.5121e-06
0.000 1.337 0.0000e+00 0.0000e+00
0.126 1.379 5.1657e-06 1.1920e-06
0.252 1.505 1.0716e-05 2.2475e-06
0.377 1.714 1.6097e-05 2.5269e-06
0.502 2.006 1.6387e-05 3.1448e-06
0.627 2.378 2.0542e-05 1.8692e-06
0.750 2.831 2.5350e-05 2.0643e-06
0.873 3.361 2.6622e-05 1.7520e-06
0.996 3.966 2.9436e-05 1.7318e-06
0.000 2.162 0.0000e+00 0.0000e+00
0.126 2.204 7.2812e-07 4.1458e-07
0.252 2.330 2.0790e-06 1.1025e-06
0.377 2.539 5.9374e-06 1.1816e-06
0.502 2.831 1.0426e-05 1.4564e-06
0.627 3.203 1.2319e-05 1.3001e-06
0.750 3.656 1.6598e-05 1.4159e-06
0.873 4.186 1.9180e-05 1.3558e-06
0.000 2.987 0.0000e+00 0.0000e+00
0.126 3.029 -4.3979e-08 4.2122e-07
0.252 3.155 2.9391e-07 9.7846e-07
0.377 3.364 3.4373e-06 9.9481e-07
0.502 3.656 6.7703e-06 1.3694e-06
0.627 4.028 9.5733e-06 1.3061e-06
0.750 4.481 1.2505e-05 1.4294e-06
0.000 0.504 0.0000e+00 0.0000e+00
0.126 0.546 4.4047e-06 1.9671e-06
0.252 0.671 1.5204e-05 6.0842e-06
0.377 0.881 2.4431e-05 4.1652e-06
0.502 1.172 3.1905e-05 4.0576e-06
0.627 1.545 3.9989e-05 3.3799e-06
0.750 1.997 4.1269e-05 3.9112e-06
0.873 2.527 4.1349e-05 2.4283e-06
0.996 3.132 3.9177e-05 2.1426e-06
1.117 3.810 3.9848e-05 1.9721e-06
0.000 1.004 0.0000e+00 0.0000e+00
0.126 1.046 1.7880e-06 8.3940e-07
0.252 1.172 6.0696e-06 1.9259e-06
0.377 1.381 1.3382e-05 2.6315e-06
0.502 1.673 2.5198e-05 2.4386e-06
0.627 2.046 2.7097e-05 2.8016e-06
0.750 2.498 3.0314e-05 1.9451e-06
0.873 3.028 3.1842e-05 1.9691e-06
0.996 3.633 3.3208e-05 1.6985e-06
1.117 4.311 3.3478e-05 1.6222e-06
0.000 1.829 0.0000e+00 0.0000e+00
0.126 1.871 -3.5299e-08 8.8925e-07
0.252 1.997 9.4506e-07 2.9580e-06
0.377 2.206 4.9016e-06 1.5007e-06
0.502 2.498 1.1332e-05 1.4001e-06
0.627 2.871 1.7919e-05 1.4463e-06
0.750 3.323 2.0411e-05 1.3699e-06
0.873 3.853 2.2687e-05 1.4909e-06
0.996 4.458 2.4050e-05 1.5640e-06
0.000 1.505 0.0000e+00 0.0000e+00
0.126 1.547 3.1507e-06 9.7642e-07
0.252 1.673 9.6239e-06 2.8079e-06
0.377 1.882 1.2571e-05 1.9225e-06
0.502 2.174 1.4083e-05 1.6842e-06
0.627 2.546 1.9697e-05 1.4018e-06
0.750 2.999 2.3743e-05 1.9667e-06
0.873 3.528 2.6216e-05 1.5739e-06
0.996 4.134 2.7728e-05 1.5557e-06
0.000 2.330 0.0000e+00 0.0000e+00
0.126 2.372 5.3199e-07 3.5738e-07
0.252 2.498 2.9508e-06 7.3132e-07
0.377 2.707 6.1413e-06 1.0670e-06
0.502 2.999 9.0621e-06 1.4884e-06
0.627 3.371 1.2414e-05 1.0487e-06
0.750 3.824 1.5574e-05 1.2817e-06
0.873 4.353 1.8152e-05 1.3589e-06
0.000 3.155 0.0000e+00 0.0000e+00
0.126 3.197 -1.1779e-07 3.2023e-07
0.252 3.323 1.0914e-06 6.1403e-07
0.377 3.532 3.9490e-06 9.1486e-07
0.502 3.824 7.0090e-06 1.1475e-06
0.627 4.196 1.0110e-05 1.1973e-06
0.000 2.006 0.0000e+00 0.0000e+00
0.126 2.048 2.7105e-07 8.1413e-07
0.252 2.174 2.5826e-06 2.1758e-06
0.377 2.383 7.1381e-06 1.7187e-06
0.502 2.674 1.3395e-05 1.6190e-06
0.627 3.047 1.6708e-05 1.7247e-06
0.750 3.499 1.9428e-05 1.5855e-06
0.873 4.029 2.1522e-05 1.6537e-06
0.000 2.831 0.0000e+00 0.0000e+00
0.126 2.873 7.0810e-07 5.6976e-07
0.252 2.999 2.2726e-06 1.6322e-06
0.377 3.208 4.2919e-06 1.0347e-06
0.502 3.499 8.0595e-06 1.0628e-06
0.627 3.872 1.1377e-05 1.2540e-06
0.750 4.324 1.3894e-05 1.2955e-06
0.000 3.656 0.0000e+00 0.0000e+00
0.126 3.698 4.7840e-07 3.1741e-07
0.252 3.824 1.1884e-06 6.7964e-07
0.377 4.033 3.1031e-06 9.5584e-07
0.502 4.324 5.8659e-06 1.1422e-06
0.000 4.481 0.0000e+00 0.0000e+00
