# nu Q2^2 amp err
0.000 0.000 0.0000e+00 0.0000e+00
0.189 0.094 2.2400e-05 5.8513e-06
0.377 0.377 7.6525e-05 1.1833e-05
0.564 0.845 8.5188e-05 9.0212e-06
0.750 1.494 6.5501e-05 6.2716e-06
0.935 2.317 5.3193e-05 3.6329e-06
1.117 3.307 4.7907e-05 2.8704e-06
1.296 4.454 4.3308e-05 2.5839e-06
0.000 0.377 0.0000e+00 0.0000e+00
0.189 0.471 1.1703e-05 2.0032e-06
0.377 0.754 3.7317e-05 4.7304e-06
0.564 1.222 4.3802e-05 3.8459e-06
0.750 1.871 4.7024e-05 2.7245e-06
0.935 2.694 4.2160e-05 2.3476e-06
1.117 3.684 4.0014e-05 2.0697e-06
0.000 1.494 0.0000e+00 0.0000e+00
0.189 1.588 4.0263e-06 1.0619e-06
0.377 1.871 1.2596e-05 1.8387e-06
0.564 2.338 1.6817e-05 1.9436e-06
0.750 2.987 2.2519e-05 2.1360e-06
0.935 3.810 2.5699e-05 1.6147e-06
0.000 0.754 0.0000e+00 0.0000e+00
0.189 0.849 9.0444e-06 1.4333e-06
0.377 1.131 2.0942e-05 3.3466e-06
0.564 1.599 2.9938e-05 2.8290e-06
0.750 2.248 3.3394e-05 1.8458e-06
0.935 3.071 3.4528e-05 2.0944e-06
1.117 4.061 3.4561e-05 1.8010e-06
0.000 1.871 0.0000e+00 0.0000e+00
0.189 1.965 2.4414e-06 5.1665e-07
0.377 2.248 7.3655e-06 1.2913e-06
0.564 2.715 1.5021e-05 1.3770e-06
0.750 3.364 1.9655e-05 1.4207e-06
0.935 4.187 2.3745e-05 1.4768e-06
0.000 2.987 0.0000e+00 0.0000e+00
0.189 3.082 1.8459e-06 4.9983e-07
0.377 3.364 5.0960e-06 1.0867e-06
0.564 3.832 9.9043e-06 1.1037e-06
0.750 4.481 1.4735e-05 1.3655e-06
0.000 1.131 0.0000e+00 0.0000e+00
0.189 1.226 5.5104e-06 1.3325e-06
0.377 1.508 1.6083e-05 3.4166e-06
0.564 1.976 2.6097e-05 2.1662e-06
0.750 2.625 2.9431e-05 1.8870e-06
0.935 3.448 2.9753e-05 1.6960e-06
1.117 4.438 3.1212e-05 1.9051e-06
0.000 2.248 0.0000e+00 0.0000e+00
0.189 2.342 1.9974e-06 4.1217e-07
0.377 2.625 7.0890e-06 8.8002e-07
0.564 3.092 1.1926e-05 1.3834e-06
0.750 3.741 1.7341e-05 1.0777e-06
0.000 3.364 0.0000e+00 0.0000e+00
0.189 3.459 1.2559e-06 3.5232e-07
0.377 3.741 4.7752e-06 7.6663e-07
0.564 4.209 8.7588e-06 9.9735e-07
0.000 4.481 0.0000e+00 0.0000e+00
